{
    "sfm_data_version": "0.3",
    "root_path": "/local/T265/Everest_undistort/images",
    "views": [
        {
            "key": 0,
            "value": {
                "polymorphic_id": 1073741824,
                "ptr_wrapper": {
                    "id": 2147483650,
                    "data": {
                        "local_path": "",
                        "filename": "frame_000000001.jpg",
                        "width": 848,
                        "height": 800,
                        "id_view": 0,
                        "id_intrinsic": 0,
                        "id_pose": 0
                    }
                }
            }
        },
        {
            "key": 1,
            "value": {
                "polymorphic_id": 1073741824,
                "ptr_wrapper": {
                    "id": 2147483651,
                    "data": {
                        "local_path": "",
                        "filename": "frame_000000003.jpg",
                        "width": 848,
                        "height": 800,
                        "id_view": 1,
                        "id_intrinsic": 0,
                        "id_pose": 1
                    }
                }
            }
        },
        {
            "key": 2,
            "value": {
                "polymorphic_id": 1073741824,
                "ptr_wrapper": {
                    "id": 2147483652,
                    "data": {
                        "local_path": "",
                        "filename": "frame_000000005.jpg",
                        "width": 848,
                        "height": 800,
                        "id_view": 2,
                        "id_intrinsic": 0,
                        "id_pose": 2
                    }
                }
            }
        },
        {
            "key": 3,
            "value": {
                "polymorphic_id": 1073741824,
                "ptr_wrapper": {
                    "id": 2147483653,
                    "data": {
                        "local_path": "",
                        "filename": "frame_000000007.jpg",
                        "width": 848,
                        "height": 800,
                        "id_view": 3,
                        "id_intrinsic": 0,
                        "id_pose": 3
                    }
                }
            }
        },
        {
            "key": 4,
            "value": {
                "polymorphic_id": 1073741824,
                "ptr_wrapper": {
                    "id": 2147483654,
                    "data": {
                        "local_path": "",
                        "filename": "frame_000000009.jpg",
                        "width": 848,
                        "height": 800,
                        "id_view": 4,
                        "id_intrinsic": 0,
                        "id_pose": 4
                    }
                }
            }
        }
    ],
    "intrinsics": [
        {
            "key": 0,
            "value": {
                "polymorphic_id": 2147483649,
                "polymorphic_name": "fisheye",
                "ptr_wrapper": {
                    "id": 2147483649,
                    "data": {
                        "value0": {
                            "width": 848,
                            "height": 800,
                            "focal_length": 288.6195,
                            "principal_point": [
                                424.0,
                                400.0
                            ]
                        },
                        "fisheye": [
                            0.0,
                            0.0,
                            0.0,
                            0.0
                        ]
                    }
                }
            }
        }
    ],
    "extrinsics": [
        {
            "key": 0,
            "value": {
                "rotation": [
                    [
                        0.9853685631743447,
                        -0.04213064337122466,
                        0.16514782346992665
                    ],
                    [
                        0.013096136448247012,
                        0.9848178212463832,
                        0.17309636092551411
                    ],
                    [
                        -0.16993318074424507,
                        -0.1684009140255885,
                        0.9709602701642792
                    ]
                ],
                "center": [
                    1.4016244518814274,
                    -0.3491144168177762,
                    4.380468949265943
                ]
            }
        },
        {
            "key": 1,
            "value": {
                "rotation": [
                    [
                        0.9847812256131477,
                        -0.041281858604422884,
                        0.16882460078445613
                    ],
                    [
                        0.011727643854307863,
                        0.9849509048327962,
                        0.17243600969253056
                    ],
                    [
                        -0.1734024222711236,
                        -0.16783183017300507,
                        0.9704452981653765
                    ]
                ],
                "center": [
                    1.4019997554097445,
                    -0.34897943403623066,
                    4.380288414546098
                ]
            }
        },
        {
            "key": 2,
            "value": {
                "rotation": [
                    [
                        0.9844243744782446,
                        -0.04119839020444073,
                        0.17091326331703893
                    ],
                    [
                        0.011384057087538504,
                        0.9850528530665912,
                        0.17187576882619704
                    ],
                    [
                        -0.1754396026481607,
                        -0.16725300986807773,
                        0.9701790435340912
                    ]
                ],
                "center": [
                    1.4018850194057988,
                    -0.34890817014752534,
                    4.380325711486979
                ]
            }
        },
        {
            "key": 3,
            "value": {
                "rotation": [
                    [
                        0.9839220075568956,
                        -0.04060871740659879,
                        0.17392071502785178
                    ],
                    [
                        0.010004775185592577,
                        0.9848106558282941,
                        0.17334323361623044
                    ],
                    [
                        -0.1783182198169721,
                        -0.16881618476211427,
                        0.9693831586342264
                    ]
                ],
                "center": [
                    1.4017514966075408,
                    -0.34884696680225785,
                    4.380442118967831
                ]
            }
        },
        {
            "key": 4,
            "value": {
                "rotation": [
                    [
                        0.9838342738088494,
                        -0.04011353157226703,
                        0.17453087481535945
                    ],
                    [
                        0.00935591393111635,
                        0.9847723420329245,
                        0.17359695055358051
                    ],
                    [
                        -0.17883676510585705,
                        -0.1691577339402177,
                        0.9692280807398654
                    ]
                ],
                "center": [
                    1.4011043543516077,
                    -0.34923769810183547,
                    4.380808601262728
                ]
            }
        },
        {
            "key": 5,
            "value": {
                "rotation": [
                    [
                        0.983164040860314,
                        -0.04185342288808971,
                        0.17786725317429775
                    ],
                    [
                        0.010177467419663837,
                        0.984446239167363,
                        0.17539105263997065
                    ],
                    [
                        -0.18244146435539454,
                        -0.17062793787005104,
                        0.9682981043573685
                    ]
                ],
                "center": [
                    1.4017353114546145,
                    -0.34926012128212536,
                    4.380831780519794
                ]
            }
        },
        {
            "key": 16,
            "value": {
                "rotation": [
                    [
                        0.9668877512550812,
                        -0.05010746665295573,
                        0.25023452651166095
                    ],
                    [
                        0.008179976714385438,
                        0.9861162114271236,
                        0.16585507390962917
                    ],
                    [
                        -0.25507090083708944,
                        -0.15831632684672595,
                        0.9538735640533897
                    ]
                ],
                "center": [
                    1.3772755935331578,
                    -0.34467791088565325,
                    4.375647824655726
                ]
            }
        }
    ],
    "structure": [],
    "control_points": []
}