%YAML:1.0
---
camera_name: s10Leo
image_width: 1080
image_height: 1920
camera_matrix: !!opencv-matrix
   rows: 3
   cols: 3
   dt: d
   data: [ 1.5517285959014898e+03, 0., 5.5703148502871932e+02, 0.,
       1.5616980631531162e+03, 9.5866494970768281e+02, 0., 0., 1. ]
distortion_coefficients: !!opencv-matrix
   rows: 1
   cols: 5
   dt: d
   data: [ 4.3650438019168258e-01, -3.0067155201510327e+00,
       -9.5614984405995214e-04, 1.2989514415387917e-03,
       6.5132521147269600e+00 ]
