image_width: 1024
image_height: 768
camera_name: bb2_cam
camera_matrix:
  rows: 3
  cols: 3
  data: [831.560994, 0.000000, 510.610429, 0.000000, 833.679423, 391.521463, 0.000000, 0.000000, 1.000000]
distortion_model: plumb_bob
distortion_coefficients:
  rows: 1
  cols: 5
  data: [-0.357402, 0.143604, 0.000354, 0.000730, 0.000000]
rectification_matrix:
  rows: 3
  cols: 3
  data: [1.000000, 0.000000, 0.000000, 0.000000, 1.000000, 0.000000, 0.000000, 0.000000, 1.000000]
projection_matrix:
  rows: 3
  cols: 4
  data: [709.141296, 0.000000, 511.404714, 0.000000, 0.000000, 766.309387, 393.171901, 0.000000, 0.000000, 0.000000, 1.000000, 0.000000]
