image_width: 1024
image_height: 768
camera_name: bb2_right
camera_matrix:
  rows: 3
  cols: 3
  data: [827.547680, 0.000000, 493.502053, 0.000000, 829.216633, 401.443004, 0.000000, 0.000000, 1.000000]
distortion_model: plumb_bob
distortion_coefficients:
  rows: 1
  cols: 5
  data: [-0.356822, 0.143812, 0.000179, 0.000154, 0.000000]
rectification_matrix:
  rows: 3
  cols: 3
  data: [1.000000, 0.000000, 0.000000, 0.000000, 1.000000, 0.000000, 0.000000, 0.000000, 1.000000]
projection_matrix:
  rows: 3
  cols: 4
  data: [704.462891, 0.000000, 487.520170, 0.000000, 0.000000, 761.026306, 404.817418, 0.000000, 0.000000, 0.000000, 1.000000, 0.000000]
