# Bundle file v0.3
3 5
1.084590000e+03 0.000000000e+00 6.894198313e-08
-9.082055415e-01 -8.088418109e-03 4.184462592e-01
1.103628649e-01 -9.690542921e-01 2.208026651e-01
4.037111992e-01 2.467151320e-01 8.809931392e-01
6.528335683e+02 -8.470595671e+01 -3.363358355e+02
1.556980000e+03 0.000000000e+00 3.565154420e-08
9.368148497e-01 3.438436401e-02 3.481316604e-01
1.162863863e-01 -9.691756687e-01 -2.172003672e-01
3.299324383e-01 2.439595021e-01 -9.119365918e-01
-7.338037358e+02 -7.841617584e+01 -2.412949461e+02
1.103400000e+03 0.000000000e+00 6.527248534e-08
-9.991863533e-01 5.244838471e-03 3.998903728e-02
5.052575149e-03 -9.674191048e-01 2.531299017e-01
4.001378410e-02 2.531259910e-01 9.666054675e-01
7.764643690e+02 1.437890646e+01 6.946377239e+00
7.696070000e+02 -1.462410000e+01 -1.972620000e+01
64 57 51
4 1 333 980.898010254 -247.695999146 0 3358 1042.949951172 -257.496002197 0 630 451.299011230 -490.911010742 0 96 1136.760009766 -36.185600281
6.508020000e+02 2.786860000e+00 2.870180000e+02
87 87 87
4 1 13334 954.981018066 -669.263977051 1 14063 885.414001465 -752.046997070 0 11416 389.944000244 -784.117004395 0 10382 182.852996826 -801.267028809
7.698690000e+02 -1.522420000e+01 -1.801700000e+01
63 58 64
3 0 3477 1038.569946289 -250.787002563 1 3359 1107.920043945 -258.919006348 0 3493 501.768005371 -507.243011475
6.593950000e+02 9.573200000e-01 2.733700000e+02
128 126 127
3 2 12831 454.539001465 -735.171020508 2 14075 539.512023926 -797.263000488 2 11411 134.990005493 -792.674987793
7.527790000e+02 -2.764400000e+01 -1.864900000e+01
73 66 78
13 2 6260 674.309997559 -36.021800995 2 263 567.492004395 -222.669006348 2 3366 635.018981934 -288.652008057 2 315 58.815200806 -355.151000977 2 307 518.827026367 -298.261993408 2 466 328.505004883 -323.992004395 2 356 75.088500977 -267.555999756 2 4301 255.563003540 -230.526992798 2 565 406.661010742 -204.626998901 2 1011 930.864013672 -194.128005981 2 597 470.007995605 -292.878997803 2 933 1118.579956055 -206.050003052 2 1731 1313.829956055 -237.804992676
